pose_quaternion_max: 1
pose_quaternion_max_il: 0
pose_transition_max: 7.650195143958969
pose_transition_max_il: 3
inverse_depth_max: 18.04885638518865
inverse_depth_max_il: 5
pts_camera_i_max: 433.6244377254035
pts_camera_i_max_il: 9
pts_imu_i_max: 429.2223566100353
pts_imu_i_max_il: 9
pts_imu_j_max: 429.2223566100353
pts_imu_j_max_il: 9
pts_camera_j_max: 433.7782410193759
pts_camera_j_max_il: 9
residual_max: 11864.60460992781
residual_max_il: 14
Hessian__max: 1221200519.96595
Hessian__max_il: 31
b__max: 69075.53943106841
b__max_il: 17